125 1
1.26602e+07
2.26802e+07
-307.18
2.30266e+07
2.57264e+07
2.10865e+07
57837.7
0.133159
-307.18
-95072.7
2.46632e+07
-8.94925e+06
2.13189e+07
-6.21282e+07
29768.3
0.105111
0.0888103
-10048.2
2.77431e+07
0.116407
-3.81076e+07
97540.4
-64.1091
2.97683e+07
-307.18
-1.26556e+07
1.42981e+07
0.0891378
7.90265
-1.77451e+07
2.96821e+07
2.20377e+07
-307.18
52333.8
61343.2
3.71278e+07
-6.31218e+07
-4.12828e+07
-13437.7
0.0894467
-2348.03
0.08533
2.60232e+07
2.46106e+07
-4.81657e+07
-5.94608e+07
-95210.4
-1.50096e+07
-21118.9
-2.24821e+06
-10.8726
-1.73179
17078.8
95.5936
0.105634
42.6587
30.4886
-3.25146
70.5526
0.13797
-0.742209
0.0913746
2.36917e+07
-307.18
-307.18
2.33104e+07
51836.1
2.37064e+07
2.35268e+07
143.767
2.27355e+07
2.2432e+07
2.42108e+07
-2.08845e+07
2.37605e+07
-307.18
-307.18
2.24162e+07
-114896
-307.18
2.30933e+07
-5.13928e+07
-1.03687e+07
2.56121e+07
2.32429e+07
59.2844
58332.2
2.65001e+07
-4.86174e+07
-2.41996e+07
2.59345e+07
2.14203e+07
2.26887e+07
-1.88695e+06
-6.53729e+07
2.47927e+07
11582.6
2.6426e+07
-307.18
-4.60456e+07
51756.7
-307.18
-5.17979e+07
2.83931e+07
55299.3
-3.79092e+07
-3.98628e+07
77.528
3.43095e+07
2.29506e+07
2.48591e+07
2.98038e+07
-26835.9
61691.4
220.449
2.3567e+07
0.227875
79.841
2.3417e+07
-307.18
2.80122e+07
2.03088
-4.9012e+07
329931
54819.9
