125 1
0.724758
0.66839
0.00673828
0.719648
0.710546
0.697236
0.578255
0.443537
0.00673828
0.228302
0.679177
0.0905344
0.722642
0.146704
0.650822
0.547545
0.412391
0.255409
0.704537
0.461974
0.0602504
0.627385
0.299212
0.637085
0.00673828
0.184272
0.691132
0.448064
0.536962
0.179637
0.686094
0.688935
0.00673828
0.626409
0.599439
0.66415
0.138475
0.0994413
0.26394
0.483797
0.295431
0.429783
0.715659
0.667416
0.102873
0.141438
0.221345
0.173725
0.258282
0.217627
0.334816
0.393134
0.601413
0.567181
0.515651
0.575106
0.603195
0.335021
0.523791
0.500219
0.380081
0.470718
0.64307
0.00673828
0.00673828
0.628423
0.521615
0.55645
0.511532
0.341563
0.459836
0.400144
0.292803
0.150573
0.612639
0.00673828
0.00673828
0.367377
0.226129
0.00673828
0.595251
0.0624666
0.0876583
0.331119
0.534893
0.416452
0.395399
0.583109
0.0858463
0.107168
0.55325
0.203403
0.576734
0.198966
0.145382
0.431264
0.277414
0.518255
0.00673828
0.0974468
0.48514
0.00673828
0.0906502
0.473496
0.443367
0.159808
0.176827
0.368358
0.356033
0.250089
0.269
0.421093
0.270535
0.340085
0.3017
0.486685
0.392161
0.484943
0.65629
0.00673828
0.61196
0.317612
0.0788027
0.210252
0.552381
