5
-10
7
5
-9
10
-4
1
10
-6
-8
-10
5
-3
-9
-7
8
-2
-1
3
10
-1
1
3
2
4
10
1
5
6
-5
9.28791e-08
2
-9
-4
6
4
-2
7
-1
4
1
-10
-8
6
5
5
4
-7
3
8
3
3
-6
-9
5
-1
4
9
-5
9
-3
-7
-1
4
-8
7
9
-8
-9
8
4
6
4
-4
-10
4
-7
1
-7
8
3
2.11395e-07
4
-8
-7
4
-3
-10
10
-5
-3
8
-7
7
-8
-9
5
-8
-4
9
-5
2.34813e-07
3
-1
9
-2
-6
7
9
-4
9
7
10
6
-5
2
-4.27363e-07
-5
-2
-2
-6
-1
-8
8
5
2
2
-10
7
-4
3
-9
-7
1
-10
-8
-7
-9
6
7
-6
5
-10
-3
-6
-3
6
3
-3
-8
5
10
4
5
6
5
3
-9
-3
10
-1.8806e-07
6
2.71059e-07
6
3.33733e-07
-10
1
4
-8
-2
9
1
5
7
-10
-7
-10
-5
6
-9
-7
-3
7
-4
-4.75466e-07
-10
-1
-8
-6
-4
3
-10
4
5
3
2
9
1.35935e-07
-1
-2
6
2.43178e-08
9
-5
9
-8
-10
-9
5
-1
-1
6
-7
4
5
-5
-2
8
-10
-1
8
3
5
-6
7
-8
-6
5
3
5
5
4
-2
1
-1
6
-5
-6
8
-3
2
9.91785e-09
-7
-4
8
-2
-4
1
10
-10
1
-4
2.41584e-08
3
-10
9
3
-8
1
-5
-4.79415e-07
-10
-8
5
10
-7
6
-10
1
-6
9
7
1
-2
-10
-3
7
8
5
10
5
-6
-8
10
-5.55551e-08
2
-8
-1
10
5
9
-8
7
-1
-7
-9
-8
4
-5
5
-8
-3
8
-9
10
8.13225e-08
-3
-7
7
-3
-1
7
-4
6
7
2
1.05584e-07
1
-2
-2
3
-9
-4
-1
8
-7
9
-1
6
3
-10
9
-6
-9
-5
-8
-6
-6
-2
-10
-7
9
-2
-4
-5
6
3
-8
-4
3
-10
8
-4
-1
-9
-5
-9
-4
6
1.00225e-07
-6
-1
-2
-4
-9
4
-10
3
-10
-3
-1
-8
6
3
10
3
-5
-3
-5
1.56644e-07
7
-4.26105e-08
-8
6
1
-7
6
-3
4
5
5
-10
1
2
-7
7
10
-7
-2.16747e-07
-6
9
-1
10
-9
5
6
7
5
9
2
3
10
-5
5
-2
-10
1
-1
4
6
6
1
8
10
-2
5
-5
-1.56223e-07
5
-8
-10
4
-10
-10
-1
10
-5
8
7
1
10
-10
2
8
10
-4
-3
2
-5
6
-3
-1
-3
-7
10
5
-6
1.08783e-07
-1
7
4
9
-2
3
4
4
1
-10
-7
4
-5
9
3
1
7
2
1
-8
-4
10
-2
10
-5
-3
9
6
5
8
7
-8
-9
1
-3
6
6
4
6
3
-1
-3
5
-6
-10
4
2
5
-10
-7
3
9
6
-4
2
2
4
-10
-7
-6
9
3
-5
-3
10
-6
-8
9
-8
-3
10
-7
-10
-2
6
10
-3.67175e-09
5
-4
-9
1
-1
2
6
9
3
-8
6
8
-5
-7
10
3
10
-8
4
9
9
-7
-4
5.86162e-08
5
-3
10
-9
-2.7226e-07
-7
-5
5
1
-1
-1
-4
-3
10
6
-7
7
-1
-6
-7.80325e-08
-10
2.13607e-07
-7
-8
2
9
-3
8
4
-1
5
-2
-9
-10
1
10
-7
8
-2
1
-7
-9
-4
6
2
8
-1
-8
10
-7
-5
-1
-9
1
-5
-2.84879e-08
-7
2
4
7
1.17967e-07
4
3
-10
-10
2
-1
-7
-6
-4
-8
3
-3
4
1
7
2
-1
-1.79209e-07
6.68299e-08
-3
7
3
9
9
-3
2
7
8
-9
9
9
-1
-6
3
-8
5
-6
-7
7
-6
1.93755e-08
-4
-1
-2
1
-4
8
-7
1
-3
2
9
1
1
7
8
7
10
3
-2
3
-7
-7
-7
9
3
-3
-9
-2
-4
-8
1.73813e-08
-2
-9
-8
-1
-10
1
3
-7
5.45418e-08
5
6
2
-4
1
3
4
9
1
-4
3
-1
-9
7
5
-3
8
-1.51936e-07
9
8
5
-5
7
-6
-6
7
-7
-2
1
-6
-4
9
10
10
1.34199e-07
9
-3
-7
-1
-2
-8
-2
8
8
-8
6
-5
3
-2
-3
8
2
-10
-7
2
4
-8
6
-5
4
-3
-6
-4
-5
2
9
6
-7
5
5
7
-8
4
3
-3
9
-4
4
-8
-3
-8
-4
1
3
2
-10
-5
-1
7
2
1
7
-6
-2
-9
-6
-8
-7
-3
2
3
-10
1
7
-5
9
-1
5
3.92984e-07
-4
8
-4
5.06285e-07
-9
-9
10
-3.08819e-07
4
8
-1
1
-3
6
2
6
5
1
-6
7
8
-7
-1
-8
-3
6
2
1
-1
8
-10
-5
2
4
8
-9
-7
1
-9
-8
3
-4
4
4
-1
2.26716e-07
2
-10
4.42957e-07
6
10
-8
-3
-2
4
4
1
7
3
-10
-5
-7
-6
1
4
5.71722e-08
7
-3
-4
9
7
-6
-3
1
5
-3
3
-4
4
9
5
-4
4
-2
-8
1
-3
7
8
-6
9
6
-5
10
-8
1
-9
3
-9
-1
-7
-5
1
3
-10
-7
7
1
-4
-2
1
-2
-1
6
5.7449e-08
-2
9
-2
-9.52753e-08
-7
-2
-8
-8
6
5
2
10
-7
-5
3
8
10
-1
1
-9
-10
-9
-10
-3
4
5
3
-3
5
1
-1
10
-9
2
4
10
8
-6
-6
10
-7
-9
-6
-5
-6
5
6
7
-9
2
-10
-3.11186e-07
-5
10
2
-3
-6
-6
5
6
3
4
9
5
-1
-5
9
-2
-7
-3
-1.43967e-07
-5
-2
-2
5
6
-6
1
10
-8
5
-3
-10
6
5
-1
8
9
-1
2
-3
9
-1
10
-2
2
4
4
8
-9
4
3
5
10
-8
6
-1
-1
-8
-3.03227e-07
8
1
3
-2
2
-2
-2
2
-8
-10
-7
5
1.77878e-07
-7
4
10
-1
3
4
-2.21112e-07
6
4
9
6
4
-5
-1
10
1
7
3
-5
-3.49287e-07
-10
-3
8
9
-6
8
-7.1361e-08
6
-6
-7
6
1
6
4
6
-3
-2
3
1
-10
9
-1
-2
9
-8
-9
3
-8
7
4
-1
-9
-1
1
10
-9
6
7
-5
-3
-2
7
6
-6
9
6
-8
6
-10
4.3509e-07
-9
-7
-7
4
-10
7
-10
-6
-6.77722e-08
-7
2
5
-7
4
-10
9
-5
-7
9
-2
-2
-6
-2
2
7
-2
8
1
-1.14808e-07
5
-3
9
-10
-4
9
-3
-10
-4
-3
-5
-2
5
1
-2
3
-7
4
-2
7
6
10
-6
7
6
-8
10
-5
3
-6
5.12788e-07
-5
2.91434e-07
2
3.0674e-08
3
-10
9.0388e-08
8
-4
-2.31764e-07
-4
9
4
1
-8
-5
-10
10
4
-5
8
-1
-8
4
-1
-10
-2
3
10
-3
1
7
7
7
-10
6
-8
-6
5
6
-5
10
1
2.78668e-07
-8
-4
5
-2
-8
-1.03101e-07
-10
-5
6
2
-1
-9
-9
4
-3
9
2
-7
-2
7
8
-10
9
-8
8
9.00749e-08
7
-2
-5
4
-1
2.60013e-07
10
5
10
1
-2
5
-2
9
-4.23854e-07
-2.71509e-07
-2
4
-7
5
-2
-9
1
-1
8
6
-10
-2
2
10
9
-5.20777e-08
1
-3
-4
-10
-10
4
9
-10
10
6
-8
-9
9
-4
-7
6
10
8
5
2
7
8
-1
6
1
2
8.82886e-08
-2
-4
-9
-3
9
-7
5
4
-3
-5
9
3
-7
-4
-10
-8
7
6
1
8
2
3
4
8
-6
-6
9
9
-1
9.37679e-09
-1
2
4
-8
10
-1
1
-7
-2
-9
-5
4
6
-4
10
9
-4
2
2
4.81119e-07
-2
2
-1
9
-10
5
-2
2
6
-1.82035e-07
-9
-9
-9
5
-8
7
7
3
-6
-6
-1
-8
1
-10
-9
-5
-7
-9
-1.4899e-07
-9
8
3
6
3
-8
-7
6
3
2
-6
2
-2
4
3
-10
1
-3.0876e-07
9
6
-3
10
5
6
8
-10
2
8
-7
-9
-6
-9
-9
-7
-1
10
8
2
-3
-5
-1
-2
-2
4
2
9
-8
5
-1
-3
9
-8
-1
4
-6
1
-3
9
9
9
-9
2
4
-1.73858e-07
-4
-2
-3
9
-8
-7
7
4
-3
-2
-3
6
6
7
4
-3
-9
-9
2
8
-1
1
-9
-1
10
-9
-9
9
9
-4
1.33493e-09
7
8
5
-5
7
9
7
3
10
-6
-4
3
1
-1
1
-9
-4
5
10
-1
8
-5
-4
7
-2
-5
3
-10
-7
4
-3
-2
-5
-8
1
10
-3
5
-5
7
2
-7
-10
8
-5
-10
-5
1
-8
4
5
2
2
-5
-5
-6
5
2
8
-6
10
5
-7
-5
5
-8
-7
-3
-5
9
3
-10
-9
-6
-10
-5
6
-7
1
-9
4
5
-2
-8
4
-10
-3
10
9
5
-10
-4
-1
9
10
-2
2
-8
7
-8
1
-9
8.78635e-08
-3
3
-1
4.6217e-08
10
2.82302e-07
7
-3
10
4
-6
5
-6
5
-8
-3
-3
-5
-2
-1
-5
7.95667e-08
9
7
-6
9
-8
6
-9
1
-8
8
-1.33748e-08
8
1
2
-1
4
-4
-5.95198e-07
-3
-5
5
8
-6
5
4
7
-4
8
-1
-9
3
-8
-2
-10
-7
8
-5
-10
1.08968e-07
4
4
-2
-6
6
-9
-1
-2
1
-9
4
-7
10
-3
-4
-2
-9
-10
-4
7
4
5
-9
-3
-6
7
1
10
-5
10
5
-3
-1
-10
2
5
7
9
-10
2.87458e-07
6
10
6
8
-3
-9
8
-6
-1
9
-3
-5
-10
-5
-1
1
-4.8958e-09
-8
-5
-5
-7
-7
8
5
2
7
7
-6
9
-3.57651e-08
-10
-4
-2
-2.28493e-07
-9
7
-4.8894e-08
4
10
-2
-1
-4
1
10
1
8
-7
4
9
4
-2
-4
-8
-3
-7
5
-3
-7
-7
-1.6625e-07
6
-1
-6
-2
-10
-7
5
-7
4
5
-9
-9
9
-9
-9
-9
8
-4
5
-1.04577e-07
9
1
9
7
8
-8
-2
-7
10
-8
4
-6
-8
-5
-8
-10
-4.24086e-07
9
-2
-9
1
-7
-2
-2.54159e-07
5
2
-2
9
-3
-6
-3
2
8
-6
8
2
9
-2
-5
4
-7
3
8
8
6
6
8
-9
7
-8
-1
5
-6
8
-9
-6
-3
8
2
-6
-7
10
8
6
10
4
-4
-9
-9.31262e-08
-5
-10
-10
8
-3
-8
4
-2
7
5
-3.78195e-07
-5
6
3
-5
10
8
-3
-8
-10
-8
-8
2
-6
10
-1
9.76879e-08
-10
-8
1
7
-3
2.8698e-07
4
2
8
6
-6
-1
8
1
5
-2
4
-2
10
-9
8
7
8
-10
8
-6
6
3
-7.20897e-08
-6
-10
-3
-3
8
8
9
8
3
10
9
4
-5
-6
-10
1
-4
1.2729e-08
8
-3
4
6
0.999999
10
-5
-6
-6
-9
-2
-2
3
2
7
5
7
-7
-9
-8
-5
10
-1
-2
1
6
7
8
-8
2
-9
-5
10
-10
-8
10
-3.96513e-08
2.2686e-07
-10
-1
4
-5.51879e-07
-7
4
1
-8
5
1.5103e-07
-2
5
3
-9
-5
-4
-5
1.84359e-07
7
-6
-9
-2
-4
5
-6
2
-4
9
7
-4
2
-3
-3
-7
-7
5
6
2
7
5
-1
5
8
1
-1.86891e-07
-1
8
-9
8
9
10
9
3
-5
-6
-2
-3
-2.93883e-09
3
10
-5
-2
-8
-2
-4.15788e-07
-1
-1
10
3
-8
-8
1
3
-2
10
-2
9
5
8
-9
3
-3
9
10
-10
2
-10
10
8
1
7
-5
2
2
2
-5
-9
1
10
-7
4
-8
-2
9
4
-7
-7
-3
-4
10
8
10
8
10
1
-5
7
1
-5
9
6
-1
-8
-2
6
-8
-3
-10
10
10
-2
-5
-9
-6
10
-9
7
9
-5
1.68545e-07
5
2
-9
-3
-10
-6
8
2
-6
-6
9
-9
-1
3
-1
9
-2
5
9
-7
-5
-6
-10
7
-6
9
1
9
-8
5
3
-7
-3
4
2
9
-4
-6
9
-7
8
-6
9
-5
7
-8
2
10
-7
1
-6
-3
-10
7
-1
6
1
-5
2
2
10
4
5
8
-1.77412e-07
-4
-4
-10
4
2
10
-3
-9
-10
-4
-6
4
3
3
7
-8
6
-2
2
-10
-1
-0.999999
2.70777e-07
8
-5
-6
3
8
-6
-3.90664e-07
2.07025e-07
2
-2
-3.23997e-07
-9
-8
8
-6
-2.54736e-08
-1
-2
4
5
-2
4
6
-1
4
-8
9
-9
8
1
9
7
5
1
1
3
5
-3
-6
-6.18349e-08
3.64517e-07
-5
-4
2
5
10
9
9.51384e-08
10
-8
-1
8
10
7
6
-10
-6
2.13154e-07
-9
-10
-2.82347e-07
10
6
-6
4
2
3
6
2
7
8
-2
5
6
-4
6
-5
10
-10
2
4
-7
4
5
-4
8
6
2
1
-6
-1
-7
-2
-9
-3
4
7
-2
1
6
4
10
2
3
-5
-10
-5
-10
2.33044e-07
-8
1
-6
3
6
4
4
-1.74509e-07
-5
-6
-2
10
-2
4
-3
9
5
-4
-6.13602e-08
10
8
-1
-4
4
-7
2
-6
9
7
-10
8
-4
4
-9
-4
8
3.0757e-07
5
2
-2
2
3
-10
-9
4
-10
1.68606e-07
8
3
6
-5
-10
-9
9
-2
-2
-9
2
-10
1
-5
-9
5
-2
6
10
-1.39895e-08
-6
4
10
1
-2
9
4.03778e-07
-1
-5
5
-4
9
-6
3
3
9
-2
6
4
-3
3
7
7
-4
6.92449e-08
0.999999
8
-5
-7
8
1
-4
-7
-7
-1
-10
-4
-4
9
-4
-1
9
10
8
-3
-1
-7
-2
2.48985e-07
-5
-2
10
6
2
-7
7
-7
10
-5
6
-3
-1
9
-2
-6
-8
-10
4
9
8
-9
-9
2
9
-5
6
-10
-8
7
5
5
-10
-6
-4
8
4
-4
-9
5
4
8
8
-1.83373e-07
1
-6
7
-10
-7
7
-5
-4
-4
5
-6
5
9
-9
8
-3.72629e-07
3
10
-3
-4
-2
10
-1
4
4
7
5
6
8
-1
-9
1
3
5
-6
5
-9
-9
-4
-10
6
-9
5
-9
8
-3
1
8
-2
-8
5
-2
6
8
-6
-10
6
-6
-9
7
6
-6
3.74802e-07
6
7
-1
7
3
4
1
-2
-10
-9
2
9
-1
3
-6
-10
9
2
9
2
1
7
-9
-2
-4
-8
3
-5
9
2.61622e-07
-6
4
-8
2
-8
-4
-4
2
5
10
-1
1
3
6
5
-5
9
-7
-10
-10
-4
5
-4
8
7
9
-1
-5
7
8
10
5
4
-5.62358e-08
6
-3
6
7
2
-8
3
-8
-9
-7
-9
6
6
5
2
7
-8
-9
-1
6
-5
4
-8
1
2
-8
-1.59155e-07
-9
-3
-2.78755e-08
3
-8
7
5
7
-9
-8
7
-2
10
-3
-10
9
-2
7
6
10
-9
9
-6
10
9
3
-5
-2
1.71367e-07
2
-5
-2
6
5
-6
-1
-1
-6
5
7
-2
-10
7
-7
-7
9
-10
2
-1
-2.84658e-07
-8
-2
3.62711e-08
-4
3
-6
-7
3
-7
7
-8
8
9
2
-8
-9
1
-1
-9
-6
4
8
-6
6
-1
-5
3
3
10
10
-2
4
4
7
1
-7
7
7
-9
8
1
9
-3
-8
1
-2
-8
7
3
10
7
8
-8
1
4.61895e-07
-6
-6
10
-7.10957e-08
2.70523e-07
-7
5
6
-6
-2
-6
9
3
4
9
6
7
3
-3
-6
-8
-5
-3
2
-5
2
-9
6
2
-2.54417e-07
-5
3
1
1
-2
5
-4
1
-1
-7
-8
-3
5
-8
6
-10
1
6
-7
-3
10
-4
4
-6
8
-10
-4
2
8
-8
1
6
6
-7
-2
6
-7
9
-1
8
7
9
2
8
1
5
-9
3
9
4
-2
-10
-7
-8
-8
8
-1
-7
-3
-4.18789e-08
1
-5
7
4
2
-6
4
-7
-3.14346e-07
-4
-3
-3
5
-9
2
-7
-10
-2
9
-8
-2
8
6
9
-10
3
7
10
5
-1.05549e-07
-1
-3
-4
6
-10
-10
5
-9
5.38408e-08
-5
-7
5
2
1
10
-9
-2
-9
4
2
-7
-3
6
6
8
10
-5
1
-1
-2
7
4
-4
1.5664e-07
-4
-8
8
2.31411e-07
7
2
5
3
-9
1.35032e-07
-4
-4
3
5
-9
8
4
4
-6
-2
-7
10
-5
5
-10
1
5
-8
-10
4
8
7
5
1
-7
-8
5
-8
-6
5
-9
-10
6
7
10
-10
-4
-8
-10
9
8
-8
-3
-2
7
10
-4
8
1
-6
-10
-4
5
-4
2
-8
7
-1
-3
3
-8
-9
9
-3
3
-2
10
-5
4
-1
-7
-3
1.78535e-07
2
4
-5
4
1
-10
-5
10
-7
-5
-9
-7
3
-7
-4
7
-8
-3.59469e-07
6
-3
-5
-8
6
-3
5
2
8
-7
2
-3
4
9
9
-1.97863e-07
-3
8
5
6
3
-9
9
-10
5
10
9
-4
-10
-9
4
-4
5
-10
6
4
9
3
-7
-7
4
-8
-5
-8
6
8
-1
-5
-8
9
8
-6
5
3
-1
4
-10
1
1
-3.40277e-07
-6
10
-5
-8
1
-1.17163e-07
-1
-8
3
1
3
-2
7
-5
-7
-4
-9
-2
-3
-3
-3
-7
10
6
-4
-4
-6.60839e-08
10
5
-10
1.60242e-07
2
-6
5
7
1
6
8
4
-6
2
-8
-4
-7
8
-3
10
2
-2.24658e-07
1
1
-2
-2
1
-2
-7
-10
-8
-4
10
3
8
-6
10
3
1
-7
-5
9
8
-8
9
-2
-6
-1
1
3
-3
5.69611e-08
3
-5
-6
1
2
5
1
-4
8
-9
-6
8
-4
-6
-2
-10
-2.63819e-08
3
3
-4
9
4
-8
-3
8
-9
8
-1.97651e-07
2
9
-9
-8
-10
7
-4
-9
3
7
4
1
-8
-9
3
7
-5
6
-7
7
2.64979e-07
9
8
10
5
-2
7
-5
-7
1.35102e-07
-4
3
-9
7
-4
6
-1.12403e-07
5.48778e-07
-2
7
-7
-9
-6
8
-1
3
6
-8
6
2
-8
-7
5
9
8
6
-1
5
-10
-10
1.56892e-07
-7
-8
-7
6
-2
-2
2
8
-7
-6
-8
1.36249e-07
-8
3
-4
-2
3
-6
-3
2
-10
-2
4
7
-3
-8
-10
6
-5
10
-5
2
5
-1
10
8
-8
-9
3
4
-6
-3
4
3
-8
-4
7
-6
-2
-5
-1
-3
-7
9
5
6
7
-7
2
1.48576e-07
-3
-4
10
-9
-10
2
2
10
-6
9
-7
-6
1
9
1
-5
5
-1
2
-9
-4
-4
-4
6
-9
1
4
4
6
4
-1
-7
4
-7
5
-8
1
-4
-1.8654e-07
4
-6
-5
-1
2
1
-7.19111e-08
1
4
10
1
-5
1
2
6
-4
6
-9
-4
-7
-5
7
8
5
6
-8
-7
-3
-5
3
8
-8
-6
6
1
-9
9
6
6
9
5
-3
10
-2
-6
2.52122e-07
1
-8
-4
-3
-9
1
1
-9
-6
-7
-1
1
-1
-6.30669e-09
-8
-6
-9
-3
-10
4
2
-6
-8
2
3
-6
10
7
-7
-2
-9
-8
-8
8
-3
-8
6
9
-5
-1
3
-1
4
10
5
1
9
5
-10
1
-9
-1
-4
-2
-8
6
3
5
-7
-8
7
-3
-9
3
10
-5
-2
-2
6
-3
-2.33294e-09
10
1
-3
-5
-6
-1
-10
2
10
7
-9
-6
10
8
7
6
-8
9
7
-1
5
-9
3
-2
-0.999999
-10
-3
4
7
-7
-5
-3
1
-2
1
-1
-10
3
8
-2
-5
-4
10
-1.0336e-07
-6
2
8
-1
-8.76143e-08
6
-2
-3
6
6
-2
-6
-3
-2
1.49487e-07
3
8
-6
2.21557e-07
1
6
2
3
-10
7
6
-3
2
-5
6.13954e-07
-9
1
7
8
4
6
7
-8
-9
-1
2
-3
4
4.73231e-08
-2
-10
-1
3
10
7
-5
7
-6
-5
10
-10
-10
4
-4
9
5
4
4
2
-3.31789e-08
9
-3
-6
2
7
10
8.11552e-07
-5
9
2.79251e-08
4
8
-2
-7
-3
8
-6
1
7
-2.19797e-07
5
7
2
-6
-2
-9
1
8
-8
-7
-3
7
8
-2.96688e-08
1
-9
-6
3
-2.06726e-07
-1.27897e-07
4
4
-2
-10
-3
4
-10
1
9
4
-8
-8
-3
5
-1.27075e-07
10
-5
-2
-8
6
-9
-5
4
-9
-3.41904e-07
-1
-9
8
-5
-9
-7
4
9.48e-08
2
1.63457e-07
9
10
3
-8
1
9
6
2.49206e-07
-5
4
8
3
-9
4
-4
1
-9
-10
-3
-6
-5
6
-4
4
2
1
-2
-6
-6
-7
-2.64453e-07
8
3
10
2
-2
3
2
-5
-9
-4
4
-2
3
-10
-9
-6
3
10
7
-4
-2
-5.70411e-09
-1
7
2
-6
7
5
5.44725e-08
6
9
10
-6
2
-1
5.20533e-08
8
-7.13282e-08
-2
1
2
3
-8
2
-4
-5
-9
8
2
8
2
8
4
-8
7
10
-10
2
-6
10
-10
-3.00299e-07
-9
-10
5
8
7
-10
-7
3
3
-5
-2
8
-5
2.6572e-08
7
-7
9
-3
7
-4
2
-2.52441e-07
4
9
-5
4
3
-4
-6.0474e-08
-5
-8
8
-7
5
2
7
2.2611e-07
-3
5
1.03073e-07
-2
8
-7
-9
-1.30944e-09
3
-6
6.5439e-08
-6
-8
5
-1
-5
1
-1
8
3
-8
-8
8
-9
-1
-7
-6
-5.10204e-07
10
-8
-5
10
-6
-7
-10
1
-6
5
-1
10
4
4
-3
3
-9
4
4
-1
3
-5
8
4
7
9
2
-2
1
6
-10
-6
-10
-9
-4
1
4
5
8
4
8
-7
8
-8
-10
9
3
-4
-8
8
5
-10
6
-2
9
7
-2
1
-8
-8
-5
2
9.62148e-08
-6
4
10
3
6
-3
-2
6
-2
-9
6
3
7
6
7
4
-2.75548e-08
-9
-7
4
10
9
7
7
8
-7
-7
-1.26513e-07
-5
-5
-7
6
-3
5
3.45821e-07
3
4
-10
8
2
-1
9
-1
-2
6
-6
-5
-1
7
7
-10
-9
1
2
1
-1
-2
-8
-1
5
-2
-3
2
-1
-7
-10
8
-10
5
-5
5
-3
5
4
-8.26226e-08
-1
-3
9
5
-2
-10
-1
-9
6
-6
-10
-8
-5
-5
10
-6
5
3
10
-8
-9
-8
6.37289e-08
-1
5
-3
-3
7
1.29658e-07
-2
2
10
2.29578e-07
-8
-7
8
-1
9
10
-6
-4
7
10
-1
-8
3
-1
9
9
6
2
2
4
5
1
-9
5
-6.01527e-08
-1
-9
1
8
-1
-1
3
-7
-10
2
-6
2
-8
8
10
-2
-1
-2
1
4.31086e-09
-8
2
8
-3
-9
-4
1
9
6
6
2
-8
7
-10
5
-2
3
-10
-1
-8
1
-2.70373e-07
-5
-6.31101e-08
6
-5
4
-5
3
7
1
-7
9
3
-6
7
6
2
-5
8
10
7
-9
4
9
-6
-5
1
-8
-4
-10
9
1.81504e-07
-9
-4
-6
4
-2
-7
-3
-3
-9
4
-4
-9
-2
-9
3
9
7
8
2
-2
8
-8
-6
-6
-10
8
-1
3
-2
-3
5
-1
4.41506e-09
-7
1
-2
-4
-9
9
7
-5
-6
-1
6
3
-1
5.32039e-08
9
-6
-1
5
8
6
-6
8
6
6
-7
2
5
6
-2
7
10
1
3.21184e-08
-1
3
-4
5
-2
6
9
3
7
9
-7
-5
9
3
6
-8
-9
-9
-1
1
2
3
-6
1
3
-1.6154e-08
1.66422e-07
10
7
9
9
10
10
9
-10
-6
-10
10
7
8
-10
-10
9
-10
-7
3
7
6
-1.52668e-07
-3
-10
5
2
9
8
-10
-3
-5
6
-1
2
-2
-2
-10
-5
4
-1
-1
9
-2
-6
7
-7
4
10
3
-7
8
5
5
5
-9
-8
7
-8
4
-7
9
-1
2.74805e-07
-10
4
10
-1
3
5
-2
-3
9
10
7
-8
-6
-3
-5
2
-3
10
9
10
-7
10
-4
2
6
-8
1
7
-8
7
1.51381e-09
-1.16534e-07
-10
-8
-7
-1
9
-7
-3
4
-9
-5
-9
-3
1
-8
-7
7
-1
3
2
-7
-3
-7
-1
5
10
-10
1
-8
-5
-5
-10
-2.72539e-07
-1
10
9
-4
6
2
4
-6
6
-5
1
-9
3
-9
4
1
8
5
6
-2
9
10
4
10
-9
-8
-3
-1
-8
6
-3
-9
-8
3
-2
-9
2
-10
10
6
-8
-7
9
10
-8
-2
-6
-4
9
-7
2
-10
-4
1
4
-2.27826e-08
-7
7
-4.50071e-08
-7
-1
-1
-4
5
7
3.61915e-07
7
5
-6
4
1
-2
10
-8
-8
-5
-7
10
-7
3.65697e-09
3
4
5
5
4
8
-9
9
-5
9
-4
-6
-1
-6
-2
-1.05564e-07
5
-1.20292e-07
-9
-5
1
-3.85382e-07
2
-10
-2
-8
-7
4
9
7
6.53545e-08
-10
6
-7
-7
6
-5
-8
-3
2
8
-5
5
5
-8
1
5
6
8
7
2
-2
1
1
-3
-5
9
10
3
9
-1
-3
-1
-6
-1
-4
8
8
-5
-4
8
10
9
6
10
10
-4
-5
-8
-9
-5.99805e-07
2
7
-2
-10
-4
-10
10
-8
7
6
6
1
6
-5
6
-1
-6
-2
9
5
-2
5
4
-3
-5
-5
10
-8
-1
6
-4
6
-6
5
10
7
10
-8
-2
-7
4
2.83821e-07
-4
10
-1
-7
-9
10
5
4.11814e-07
-5
-4
-8
-8
-3
6
-10
10
-1
1.78509e-07
-1
-3
3
-3
-3
-2
5
3
-1
-7
7
-9
4
-1
8
-6
-5.59442e-07
9
-4
-1
-1
-2
-9
-10
-7
-6
-10
-4
7
-2
10
-9
10
9
-8
1
-1.66223e-07
2
2
10
8
5
-3
10
1
3
10
4
-4
4
6
-5
-6
-9
-5
-5
5
6
-6
-7
-10
1
-10
1
1
-7
9
-9
-7
-6
4
-1
4
1
-4
8
8
-2
-1.8891e-07
1.88621e-07
-10
-4
2
-6
-9
1
5
2
-5
-1
1
-10
7
2
1
-7
3
3
-2
4
10
10
5
-4
9.3649e-08
2
-3
-10
-9
8.99401e-09
1
-5
9
2
-3
3
4
-6
-1.62962e-07
-0.999999
3
-7
5
-3
6
-5
4
2.3354e-07
5
4
4
-9
1
-5
-4
3
-8
8
6
4
-2
-5
-4
-9
2
5
-6
5
-4
-9
7
4
-6
-9
2
-5
-1.22823e-08
1
10
-1
-2
5
8
2
6
-6
3
8
-2
8
1
6
2
-5
-4
-1
-1
-3
-9
4
-3
-10
6
-9
-1.62692e-07
6
-6
-4
-9
1
-2.84653e-07
3
5
9
-9
-8
-2.09014e-07
-6
-2
6
-5
3
-6.63015e-08
-8
-2.41101e-07
6
-6
2
-10
4
-4
7
5
7
-8
9
8
-3.70134e-07
7
-7
-7
-7.25621e-08
-3
7
-9
7
7
4
10
5
5
-10
-3
1
8
9
10
-2
9
-6
-4
7
2
-4
10
-7
6
-7
-1
-4
-5
-7
2
-2.78537e-07
-9
-10
4
-7
1
-1
8
2
9
-1
-8
-2.01397e-07
2
-9
-8
-2.1036e-08
1
3
2
-9
-4
8
6
2
4
-4
-3
9
-9
-1
9
-8
8
6
3
-10
10
-5
-6
-6
-10
-5
-4
7
-9
-6
1
-6
-2
-8
1
10
-9
-3
-9
-10
-3
3
-8
-9
4
-6
-4
-9
-3
5
-10
3.20295e-07
7
-7
3
-10
9
7
2.06368e-09
-5
2
10
9
-0.999999
-4
10
6
-3.29076e-07
-3
-2
-1
-3
4
8
10
1
-8
9
8
3
-10
3
-4
7
-6
-2
-2
10
1
5
5
-2
-5
8
8
8
-3
3
1
9
9
10
8
6
9
-8
-9.31567e-08
4
-2
-6
-7
6
1
7
-9
5
5
7
-2
3
3
-5
6
8
8
-8
4.73983e-07
-6
10
9
-4
-6
-4
2
5
3
5
-5
-9
2.33212e-07
-9
4
-10
-3
5
-8
-9
10
3
3
10
1
-7
-4
-2
8
5
5
-3.17615e-07
-9
2
10
9
-7
-8
-5
8
-3
2
-10
-9
5
-6
4
3
9
7
-7
5
-6.72859e-08
1
4
-7
9
8
10
9
-6
-5
-1
6
2
3
3
8
-6
-3
2
3
-10
7
7
-10
3
7
-7
10
-3
-2
9
5
10
5
-8
-6
8
-8
3
-8
-8
5
-10
2
-4
6
10
-7
7
-10
-5
-6
-6
7
7
-1
-2
-10
-10
-4
-1.56045e-07
-7
-9
3
4
-10
-3
9
-3
5
-6
10
4
-10
5
1
1
2
4
4
6
-6
-10
1
6
-6
-3
-6
8
1
-10
8
1
2
-5
9
8
