100
-0.000196059
-0.000196059
-0.000196059
-0.000196059
-0.000196059
-0.000196059
-0.000196059
-0.000196059
-0.000196059
-0.000196059
-0.000196059
-0.000196059
-0.000196059
-0.000196059
-0.000196059
-0.000196059
-0.000196059
-0.000196059
-0.000196059
-0.000196059
-0.000196059
-0.000196059
-0.000196059
-0.000196059
-0.000196059
-0.000196059
-0.000196059
-0.000196059
-0.000196059
-0.000196059
-0.000196059
-0.000196059
-0.000196059
-0.000196059
-0.000196059
-0.000196059
-0.000196059
-0.000196059
-0.000196059
-0.000196059
-0.000196059
-0.000196059
-0.000196059
-0.000196059
-0.000196059
-0.000196059
-0.000196059
-0.000196059
-0.000196059
-0.000196059
-0.000196059
-0.000196059
-0.000196059
-0.000196059
-0.000196059
-0.000196059
-0.000196059
-0.000196059
-0.000196059
-0.000196059
-0.000196059
-0.000196059
-0.000196059
-0.000196059
-0.000196059
-0.000196059
-0.000196059
-0.000196059
-0.000196059
-0.000196059
-0.000196059
-0.000196059
-0.000196059
-0.000196059
-0.000196059
-0.000196059
-0.000196059
-0.000196059
-0.000196059
-0.000196059
-0.000196059
-0.000196059
-0.000196059
-0.000196059
-0.000196059
-0.000196059
-0.000196059
-0.000196059
-0.000196059
-0.000196059
-0.000196059
-0.000196059
-0.000196059
-0.000196059
-0.000196059
-0.000196059
-0.000196059
-0.000196059
-0.000196059
1.9998