0
0.00999899
0.020194
0.0305852
0.0411723
0.0519555
0.0629348
0.0741102
0.0854816
0.097049
0.108813
0.120772
0.132928
0.145279
0.157827
0.170571
0.183511
0.196647
0.209979
0.223507
0.237231
0.251151
0.265267
0.27958
0.294088
0.308792
0.323693
0.338789
0.354082
0.369571
0.385255
0.401136
0.417213
0.433486
0.449955
0.46662
0.483481
0.500538
0.517791
0.53524
0.552886
0.570727
0.588764
0.606998
0.625427
0.644053
0.662875
0.681892
0.701106
0.720516
0.740122
0.759924
0.779922
0.800116
0.820506
0.841092
0.861874
0.882853
0.904027
0.925397
0.946964
0.968726
0.990685
1.01284
1.03519
1.05774
1.08048
1.10342
1.12655
1.14988
1.17341
1.19713
1.22105
1.24517
1.26948
1.29399
1.31869
1.34359
1.36869
1.39398
1.41947
1.44515
1.47103
1.49711
1.52338
1.54984
1.57651
1.60337
1.63043
1.65768
1.68513
1.71277
1.74061
1.76865
1.79688
1.82531
1.85393
1.88275
1.91177
1.94098
1.97039
2