2.02576e-08
4.05402e-08
6.08478e-08
8.11803e-08
1.01538e-07
1.2192e-07
1.42328e-07
1.6276e-07
1.83218e-07
2.037e-07
2.24208e-07
2.4474e-07
2.65298e-07
2.8588e-07
3.06488e-07
3.2712e-07
3.47778e-07
3.6846e-07
3.89168e-07
4.099e-07
4.30657e-07
4.5144e-07
4.72247e-07
4.9308e-07
5.13937e-07
5.34819e-07
5.55727e-07
5.76659e-07
5.97616e-07
6.18599e-07
6.39606e-07
6.60638e-07
6.81696e-07
7.02778e-07
7.23885e-07
7.45017e-07
7.66175e-07
7.87357e-07
8.08564e-07
8.29796e-07
8.51053e-07
8.72336e-07
8.93643e-07
9.14975e-07
9.36332e-07
9.57714e-07
9.79121e-07
1.00055e-06
1.02201e-06
1.04349e-06
