0
0.00999852
0.0201931
0.0305837
0.0411705
0.0519532
0.062932
0.0741069
0.0854779
0.0970449
0.108808
0.120767
0.132922
0.145274
0.157821
0.170564
0.183504
0.196639
0.209971
0.223499
0.237222
0.251142
0.265258
0.27957
0.294078
0.308782
0.323682
0.338778
0.354071
0.369559
0.385243
0.401124
0.417201
0.433473
0.449942
0.466607
0.483468
0.500524
0.517777
0.535227
0.552872
0.570713
0.58875
0.606984
0.625413
0.644038
0.66286
0.681878
0.701091
0.720501
0.740107
0.759909
0.779907
0.800101
0.820491
0.841078
0.86186
0.882838
0.904013
0.925383
0.94695
0.968713
0.990671
1.01283
1.03518
1.05772
1.08047
1.10341
1.12654
1.14987
1.1734
1.19712
1.22104
1.24516
1.26947
1.29398
1.31868
1.34358
1.36868
1.39397
1.41946
1.44514
1.47102
1.4971
1.52337
1.54984
1.5765
1.60336
1.63042
1.65767
1.68512
1.71277
1.74061
1.76864
1.79688
1.8253
1.85393
1.88275
1.91177
1.94098
1.97039
